3 + 3

x <- 99

y <- 1

z <- x + y